0 0.718422 0.604090 0.064609 0.080347
0 0.528711 0.726479 0.068359 0.103097
0 0.482305 0.471465 0.039766 0.029542
0 0.850078 0.562396 0.061766 0.079153
0 0.785410 0.561993 0.099039 0.095264
0 0.276934 0.604681 0.046836 0.076667
0 0.456922 0.587201 0.055906 0.070347
0 0.591023 0.523118 0.037328 0.045514
0 0.386320 0.626479 0.060344 0.094069
0 0.575605 0.480167 0.052039 0.051056
0 0.613719 0.476444 0.036594 0.034639
0 0.306184 0.413299 0.020102 0.019597
0 0.453457 0.516035 0.044680 0.057375
0 0.780535 0.425903 0.033570 0.040972
0 0.432488 0.938250 0.136758 0.123500
0 0.812777 0.926264 0.163148 0.145028
0 0.183492 0.389313 0.019328 0.023736
0 0.211906 0.398458 0.024750 0.022250
0 0.249695 0.396479 0.025859 0.023736
0 0.373293 0.439417 0.032633 0.033639
0 0.406539 0.433437 0.032891 0.030542
0 0.263457 0.482243 0.038195 0.048153
0 0.344824 0.491681 0.045367 0.053028
0 0.257301 0.551764 0.043758 0.056028
0 0.482750 0.436931 0.040453 0.037806
