0 0.452070 0.961250 0.119578 0.077500
0 0.866848 0.720812 0.096039 0.097514
0 0.620637 0.550562 0.052273 0.055542
0 0.267316 0.539250 0.040164 0.069194
0 0.502387 0.554028 0.049195 0.056472
0 0.240484 0.466326 0.041906 0.049708
0 0.659371 0.514181 0.059820 0.047861
0 0.396125 0.691528 0.059344 0.093444
0 0.745027 0.559569 0.055695 0.054778
0 0.227262 0.470313 0.069102 0.060264
0 0.289469 0.501903 0.037484 0.041806
0 0.560852 0.510090 0.048672 0.048569
0 0.779273 0.542167 0.044672 0.046833
0 0.729844 0.623063 0.078750 0.071125
0 0.505457 0.444743 0.116570 0.126069
0 0.428418 0.502181 0.044273 0.048417
0 0.366641 0.510236 0.044453 0.056472
0 0.348344 0.433215 0.036094 0.035653
0 0.360195 0.418812 0.021453 0.022958
0 0.439293 0.439292 0.033977 0.031472
0 0.223738 0.424743 0.029555 0.028292
0 0.218828 0.401951 0.027625 0.025819
