0 0.245195 0.468882 0.037844 0.045958
0 0.613711 0.504451 0.049578 0.047431
0 0.630910 0.477181 0.048648 0.036972
0 0.382004 0.483785 0.041773 0.043542
0 0.825617 0.553174 0.072453 0.071042
0 0.621770 0.448840 0.044008 0.035375
0 0.260504 0.544167 0.044867 0.052750
0 0.322754 0.417507 0.027789 0.022486
0 0.304699 0.400465 0.028633 0.019514
0 0.274195 0.405285 0.021531 0.019264
0 0.206070 0.389826 0.030828 0.022597
0 0.970082 0.716708 0.059836 0.096028
0 0.434094 0.949764 0.117406 0.098833
0 0.226258 0.933194 0.111266 0.133611
0 0.765852 0.602361 0.068687 0.075500
0 0.459098 0.468111 0.036180 0.043306
0 0.390926 0.431597 0.032477 0.027639
0 0.349074 0.436208 0.030961 0.023528
0 0.487203 0.457097 0.033984 0.043111
0 0.559059 0.775174 0.082117 0.124764
0 0.835090 0.689382 0.090305 0.084542
0 0.555629 0.460847 0.035242 0.038972
0 0.282715 0.652715 0.056102 0.099875
0 0.323359 0.515882 0.047531 0.090819
0 0.502848 0.649896 0.069930 0.107847
