0 0.282738 0.782111 0.078508 0.169556
0 0.663152 0.476292 0.043758 0.030861
0 0.936516 0.692208 0.085641 0.076556
0 0.979398 0.580125 0.041125 0.071694
0 0.447281 0.573403 0.053781 0.065833
0 0.610254 0.474090 0.050336 0.051625
0 0.596523 0.529813 0.038641 0.048931
0 0.929129 0.608486 0.083602 0.075306
0 0.676910 0.580743 0.062211 0.066819
0 0.522504 0.693181 0.066523 0.116250
0 0.682719 0.721694 0.086203 0.128083
0 0.811191 0.676153 0.085023 0.082917
0 0.397578 0.657514 0.069687 0.137250
0 0.871887 0.959729 0.110133 0.068264
0 0.285086 0.627521 0.046844 0.074403
0 0.274156 0.588375 0.040594 0.049417
0 0.330840 0.545910 0.042164 0.062181
0 0.340910 0.489507 0.041633 0.048764
0 0.346410 0.464257 0.037430 0.032403
0 0.236730 0.519819 0.035383 0.046194
0 0.202055 0.473840 0.032453 0.045653
0 0.243586 0.464090 0.027359 0.038597
0 0.267824 0.448993 0.031977 0.042514
0 0.216129 0.437597 0.023914 0.038417
0 0.170594 0.393097 0.013219 0.019861
0 0.188789 0.394486 0.016703 0.028611
0 0.238027 0.397153 0.027258 0.030944
0 0.263598 0.409854 0.022945 0.026042
0 0.313305 0.414333 0.029156 0.024333
0 0.391727 0.441306 0.033359 0.040556
0 0.377418 0.426194 0.030992 0.028694
0 0.472750 0.422910 0.045187 0.045847
0 0.443375 0.469417 0.037234 0.047056
0 0.499973 0.483979 0.049711 0.047875
0 0.535160 0.437285 0.040883 0.035569
0 0.545801 0.583868 0.070180 0.095681
0 0.677480 0.964514 0.111977 0.070972
