0 0.772852 0.652861 0.078312 0.090583
0 0.814422 0.519597 0.059906 0.057917
0 0.768801 0.568944 0.067367 0.067306
0 0.397160 0.445194 0.033555 0.029556
0 0.608117 0.889674 0.110719 0.182292
0 0.275813 0.707993 0.062688 0.101264
0 0.375734 0.614632 0.060328 0.087403
0 0.475527 0.611063 0.065227 0.083431
0 0.594219 0.464938 0.036234 0.043458
0 0.193043 0.397722 0.016117 0.019167
0 0.239738 0.406625 0.021305 0.022861
0 0.266191 0.406972 0.023430 0.020917
0 0.317809 0.403222 0.024086 0.014000
0 0.427051 0.434222 0.036258 0.036417
0 0.325324 0.422118 0.032789 0.025347
0 0.554367 0.467778 0.049859 0.055833
0 0.237660 0.532701 0.035695 0.044431
0 0.274672 0.485139 0.038234 0.044444
0 0.305680 0.466674 0.038641 0.038097
0 0.686523 0.742688 0.090188 0.116347
0 0.497332 0.481389 0.042758 0.038750
0 0.462691 0.949444 0.114289 0.095083
0 0.762918 0.409319 0.037430 0.050444
0 0.965617 0.707667 0.064375 0.065278
0 0.635223 0.557438 0.058961 0.051931
0 0.271941 0.832722 0.080508 0.161889
