0 0.663945 0.521965 0.052109 0.044931
0 0.830715 0.616326 0.071617 0.070681
0 0.597395 0.640715 0.072117 0.083403
0 0.633598 0.561507 0.049695 0.050625
0 0.333371 0.431569 0.029195 0.032306
0 0.985582 0.636264 0.028383 0.087583
0 0.307414 0.529340 0.047016 0.072653
0 0.239656 0.521167 0.040266 0.063167
0 0.382117 0.624201 0.050766 0.077236
0 0.423809 0.421687 0.037070 0.034153
0 0.507133 0.464465 0.040359 0.037986
0 0.273965 0.839493 0.085648 0.135764
0 0.853082 0.942514 0.107055 0.108250
0 0.252023 0.403264 0.027984 0.028750
0 0.561879 0.487583 0.041242 0.046778
0 0.566406 0.443840 0.042344 0.035375
0 0.433246 0.893875 0.107414 0.190861
0 0.344156 0.492090 0.039375 0.045264
0 0.294043 0.465167 0.039102 0.039139
0 0.340871 0.407597 0.027633 0.022861
0 0.188785 0.393257 0.023211 0.023764
0 0.861430 0.705132 0.106141 0.096681
