0 0.737738 0.492535 0.051555 0.051847
0 0.748547 0.577972 0.070609 0.064361
0 0.301063 0.596229 0.042797 0.074347
0 0.544289 0.733528 0.073797 0.110306
0 0.212125 0.401014 0.019641 0.023056
0 0.262945 0.408701 0.025047 0.026264
0 0.913605 0.577306 0.082945 0.086500
0 0.251699 0.551090 0.041086 0.049458
0 0.292254 0.506646 0.039008 0.062097
0 0.328020 0.541375 0.038570 0.062972
0 0.508844 0.566375 0.054641 0.063167
0 0.897281 0.460250 0.070922 0.064389
0 0.293238 0.778486 0.072430 0.150000
0 0.332168 0.486021 0.039258 0.046042
0 0.195910 0.388681 0.020008 0.025306
0 0.287820 0.434972 0.037547 0.040972
0 0.260992 0.453576 0.033016 0.036542
0 0.261695 0.484861 0.037219 0.036556
0 0.371883 0.475035 0.038625 0.036875
0 0.431078 0.507431 0.047063 0.063472
0 0.433402 0.569792 0.028211 0.060306
0 0.386332 0.631722 0.078570 0.187417
0 0.734242 0.794951 0.117266 0.163708
0 0.401062 0.414521 0.032563 0.033736
0 0.322051 0.417250 0.041477 0.034167
