0 0.532348 0.674667 0.070008 0.105194
0 0.722699 0.548438 0.064523 0.070153
0 0.325738 0.418090 0.030086 0.029097
0 0.972668 0.713299 0.054664 0.105986
0 0.833812 0.544563 0.080656 0.070958
0 0.515203 0.438958 0.048031 0.042889
0 0.430785 0.421806 0.032086 0.029167
0 0.383008 0.427597 0.020047 0.025306
0 0.364309 0.437250 0.036211 0.035167
0 0.243227 0.431458 0.035703 0.033028
0 0.253465 0.457007 0.030664 0.032653
0 0.248172 0.520660 0.045109 0.079347
0 0.286836 0.600243 0.071953 0.170764
0 0.350410 0.470306 0.042773 0.056444
0 0.285648 0.401299 0.024500 0.024347
0 0.212578 0.398743 0.021078 0.024347
0 0.196723 0.398736 0.016039 0.019222
0 0.177066 0.392014 0.014930 0.016667
0 0.595125 0.528715 0.048922 0.060597
0 0.839027 0.618604 0.091758 0.080875
0 0.499820 0.556868 0.065250 0.073042
0 0.491508 0.462472 0.038531 0.040222
0 0.626020 0.499549 0.052102 0.053181
0 0.447813 0.457743 0.046500 0.048264
0 0.440617 0.581764 0.052109 0.067083
0 0.342871 0.543014 0.040086 0.067778
