0 0.246949 0.907264 0.098727 0.153556
0 0.366016 0.424792 0.040141 0.047306
0 0.313867 0.415049 0.029781 0.041597
0 0.266164 0.397160 0.019016 0.020903
0 0.209191 0.402229 0.019539 0.020597
0 0.175801 0.394625 0.017148 0.019472
0 0.225363 0.388208 0.021664 0.027889
0 0.422211 0.541687 0.055891 0.076819
0 0.494375 0.549361 0.056172 0.066583
0 0.677266 0.963076 0.116125 0.073847
0 0.442242 0.462750 0.038609 0.040000
0 0.460684 0.448153 0.029961 0.033333
0 0.487922 0.431514 0.034312 0.040000
0 0.235629 0.519042 0.037367 0.051028
0 0.263625 0.484972 0.034703 0.038556
0 0.228875 0.451076 0.043266 0.039236
0 0.242043 0.409771 0.030602 0.029514
0 0.409402 0.675194 0.059086 0.113833
0 0.284801 0.690958 0.060633 0.132806
0 0.340656 0.542938 0.051359 0.061986
0 0.850840 0.694007 0.089523 0.083181
0 0.521508 0.653722 0.071312 0.110250
0 0.267227 0.587076 0.047422 0.076542
0 0.700340 0.598917 0.066695 0.071306
0 0.715336 0.513646 0.055375 0.059792
0 0.456187 0.604014 0.051344 0.077194
0 0.774734 0.870417 0.118641 0.148306
0 0.576258 0.483083 0.050875 0.052889
0 0.877773 0.645674 0.082687 0.071264
