0 0.342316 0.417097 0.023898 0.024694
0 0.661676 0.466979 0.046789 0.038069
0 0.273461 0.463250 0.034547 0.036278
0 0.324465 0.446750 0.039039 0.045222
0 0.369344 0.440847 0.022234 0.023861
0 0.402391 0.450132 0.034625 0.033847
0 0.515652 0.431618 0.043820 0.039847
0 0.464031 0.451979 0.033719 0.030208
0 0.384535 0.484424 0.037336 0.036681
0 0.378004 0.512132 0.045383 0.062403
0 0.736105 0.518403 0.052773 0.050639
0 0.700043 0.537701 0.057023 0.058625
0 0.543242 0.582729 0.058563 0.075486
0 0.461652 0.520174 0.053195 0.061069
0 0.226816 0.405611 0.019461 0.021444
0 0.298551 0.404007 0.026398 0.022236
0 0.255898 0.402771 0.023062 0.021236
0 0.265211 0.413632 0.020281 0.019264
0 0.173230 0.375257 0.063633 0.069319
0 0.476270 0.632667 0.059898 0.081889
0 0.990824 0.642319 0.018023 0.057972
0 0.438078 0.582187 0.048578 0.062819
0 0.623305 0.679708 0.078016 0.101861
0 0.552844 0.472118 0.052297 0.055625
0 0.262273 0.898542 0.121719 0.191667
0 0.778332 0.642958 0.087617 0.117111
0 0.842543 0.615944 0.072773 0.069472
0 0.616543 0.497646 0.051570 0.059653
0 0.285625 0.625569 0.053938 0.103528
0 0.269711 0.436597 0.034547 0.025694
0 0.236500 0.443972 0.032406 0.030000
0 0.292570 0.503785 0.040141 0.049792
0 0.230453 0.467153 0.032844 0.037361
0 0.328813 0.539778 0.043469 0.062333
