0 0.343156 0.431792 0.029453 0.028028
0 0.651852 0.441257 0.124266 0.087792
0 0.709703 0.551840 0.060687 0.062014
0 0.386715 0.429583 0.031117 0.032444
0 0.274082 0.489688 0.039820 0.043514
0 0.821996 0.559021 0.068773 0.055764
0 0.189844 0.435958 0.034000 0.064639
0 0.218258 0.393563 0.020406 0.028097
0 0.247664 0.405299 0.027609 0.027375
0 0.282574 0.404410 0.025008 0.024903
0 0.258336 0.947729 0.104766 0.104542
0 0.473066 0.971896 0.111961 0.056208
0 0.629012 0.877687 0.132758 0.183403
0 0.506398 0.424424 0.105375 0.095875
0 0.372195 0.512188 0.041906 0.051625
0 0.320543 0.475313 0.036508 0.036875
0 0.955594 0.604542 0.060469 0.071000
0 0.258871 0.546056 0.041852 0.098833
0 0.565293 0.478840 0.051898 0.052153
0 0.682031 0.497563 0.052500 0.052875
0 0.800590 0.506889 0.063258 0.047667
0 0.567648 0.498556 0.055547 0.091250
0 0.778430 0.655236 0.084578 0.071583
0 0.332496 0.536979 0.043039 0.062375
0 0.301055 0.650069 0.051656 0.093056
0 0.424316 0.566549 0.052336 0.080403
0 0.301477 0.421104 0.024828 0.023514
0 0.364602 0.414194 0.024609 0.025250
