0 0.401004 0.677424 0.060992 0.114903
0 0.657918 0.699174 0.088586 0.113542
0 0.544996 0.502125 0.044727 0.050056
0 0.308668 0.521285 0.039961 0.057486
0 0.467805 0.448889 0.041266 0.037222
0 0.650879 0.573160 0.051320 0.038792
0 0.628617 0.510549 0.052250 0.047597
0 0.703902 0.503556 0.056852 0.056694
0 0.920125 0.651618 0.100234 0.102764
0 0.766156 0.642278 0.077375 0.085111
0 0.498109 0.628722 0.066484 0.102194
0 0.869992 0.931986 0.139547 0.136028
0 0.597602 0.826569 0.094047 0.139778
0 0.199414 0.449708 0.015859 0.029472
0 0.418633 0.428438 0.039609 0.041042
0 0.249918 0.446597 0.030555 0.034028
0 0.256465 0.480271 0.036883 0.043903
0 0.331113 0.480715 0.039211 0.043125
0 0.378535 0.474514 0.039023 0.041639
0 0.406129 0.415715 0.029133 0.031181
0 0.466898 0.421854 0.033094 0.027514
0 0.541648 0.455785 0.048656 0.050542
0 0.664320 0.968958 0.117563 0.062083
0 0.227250 0.922028 0.132781 0.155944
0 0.373977 0.518194 0.046578 0.053611
0 0.693453 0.502632 0.035781 0.050653
0 0.352504 0.413264 0.024742 0.037472
0 0.369398 0.587653 0.046719 0.076750
0 0.443539 0.502944 0.049437 0.066778
